[[320, 280], [240, 360], [360, 280], [320, 400], [400, 280], [400, 400], [440, 280], [480, 440], [480, 280]]
[[320, 240], [280, 320], [360, 240], [360, 360], [400, 240], [440, 400], [440, 240], [520, 400], [480, 240]]
[[280, 240], [200, 360], [320, 320], [240, 400], [320, 280], [280, 400], [280, 520], [400, 320], [320, 240], [200, 240], [320, 200], [200, 320], [320, 120], [240, 160], [280, 200], [240, 200], [320, 160]]
[]
[[240, 320], [200, 360], [240, 360], [200, 400], [240, 400], [200, 440], [240, 440], [160, 520], [240, 520], [200, 520], [240, 480]]
[]
[[400, 280], [240, 360], [400, 240], [320, 320], [400, 200], [280, 240], [400, 160], [240, 160], [400, 120]]
[[280, 240], [320, 360], [240, 400], [360, 320], [240, 320], [320, 280], [240, 280], [360, 240], [240, 360], [320, 200], [240, 200], [280, 280], [240, 240]]
[]
[[520, 200], [320, 280], [280, 160], [160, 280], [160, 400], [360, 360], [400, 280], [280, 200], [240, 240], [360, 200], [240, 280], [320, 240], [320, 200], [320, 120], [400, 160], [240, 360], [280, 360], [280, 320], [320, 400], [240, 440], [360, 240], [360, 320], [200, 400], [280, 400], [320, 360], [200, 280], [240, 320], [200, 320], [240, 160], [200, 200], [240, 200]]
